Initialization time:  0.027459144592285156
hairpin: 83.53294610977173
hairpin1: 28.988584280014038
hairpin4: 6.93155574798584
helix: 14.637999534606934
helix1: 6.813383340835571
three_waystranddisplacement: 77.30771994590759
three_waystranddisplacement1: 58.22991609573364
bubble: 2.7561886310577393
